1 50.6275
2 50.6667
3 50.7255
4 50.7843
5 50.8235
6 50.9216
7 50.9412
8 51
9 51
10 51
11 51.0196
12 51.0196
13 51.0392
14 51.0392
15 51.0588
16 51.0588
17 51.0588
18 51.0588
19 51.0588
20 51.098
21 51.098
22 51.098
23 51.098
24 51.098
25 51.098
26 51.098
27 51.098
28 51.098
29 51.098
30 51.098
31 51.098
32 51.098
33 51.098
34 51.098
35 51.098
36 51.098
37 51.098
38 51.098
39 51.098
40 51.098
41 51.098
42 51.098
43 51.098
44 51.098
45 51.098
46 51.098
47 51.098
48 51.098
49 51.098
50 51.098
51 51.098
52 51.098
53 51.098
54 51.098
55 51.098
56 51.098
57 51.098
58 51.098
59 51.098
60 51.098
61 51.098
62 51.098
63 51.098
64 51.098
65 51.098
66 51.098
67 51.098
68 51.098
69 51.098
70 51.098
71 51.098
72 51.098
73 51.098
74 51.098
75 51.098
76 51.098
77 51.098
78 51.098
79 51.098
80 51.098
81 51.098
82 51.098
83 51.098
84 51.098
85 51.098
86 51.098
87 51.098
88 51.098
89 51.098
90 51.098
91 51.098
92 51.098
93 51.098
94 51.098
95 51.098
96 51.098
97 51.098
98 51.098
99 51.098
100 51.098
101 51.098
102 51.098
103 51.098
104 51.098
105 51.098
106 51.098
107 51.098
108 51.098
109 51.098
110 51.098
111 51.098
112 51.098
113 51.098
114 51.098
115 51.098
116 51.098
117 51.098
118 51.098
119 51.098
120 51.098
121 51.098
122 51.098
123 51.098
124 51.098
125 51.098
126 51.098
127 51.098
128 51.098
129 51.098
130 51.098
131 51.098
132 51.098
133 51.098
134 51.098
135 51.098
136 51.098
137 51.098
138 51.098
139 51.098
140 51.098
141 51.098
142 51.098
143 51.098
144 51.098
145 51.098
146 51.098
147 51.098
148 51.098
149 51.098
150 51.098
151 51.098
152 51.098
153 51.098
154 51.098
155 51.098
156 51.098
157 51.098
158 51.098
159 51.098
160 51.098
161 51.098
162 51.098
163 51.098
164 51.098
165 51.098
166 51.098
167 51.098
168 51.098
169 51.098
170 51.098
171 51.098
172 51.098
173 51.098
174 51.098
175 51.098
176 51.098
177 51.098
178 51.098
179 51.098
180 51.098
181 51.098
182 51.098
183 51.098
184 51.098
185 51.098
186 51.098
187 51.098
188 51.098
189 51.098
190 51.098
191 51.098
192 51.098
193 51.098
194 51.098
195 51.098
196 51.098
197 51.098
198 51.098
199 51.098
200 51.098
201 51.098
202 51.098
203 51.098
204 51.098
205 51.098
206 51.098
207 51.098
208 51.098
209 51.098
210 51.098
211 51.098
212 51.098
213 51.098
214 51.098
215 51.098
216 51.098
217 51.098
218 51.098
219 51.098
220 51.098
221 51.098
222 51.098
223 51.098
224 51.098
225 51.098
226 51.098
227 51.098
228 51.098
229 51.098
230 51.098
231 51.098
232 51.098
233 51.098
234 51.098
235 51.098
236 51.098
237 51.098
238 51.098
239 51.098
240 51.098
241 51.098
242 51.098
243 51.098
244 51.098
245 51.098
246 51.098
247 51.098
248 51.098
249 51.098
250 51.098
251 51.098
252 51.098
253 51.098
254 51.098
255 51.098
256 51.098
257 51.098
258 51.098
259 51.098
260 51.098
261 51.098
262 51.098
263 51.098
264 51.098
265 51.098
266 51.098
267 51.098
268 51.098
269 51.098
270 51.098
271 51.098
272 51.098
273 51.098
274 51.098
275 51.098
276 51.098
277 51.098
278 51.098
279 51.098
280 51.098
281 51.098
282 51.098
283 51.098
284 51.098
285 51.098
286 51.098
287 51.098
288 51.098
289 51.098
290 51.098
291 51.098
292 51.098
293 51.098
294 51.098
295 51.098
296 51.098
297 51.098
298 51.098
299 51.098
300 51.098
301 51.098
302 51.098
303 51.098
304 51.098
305 51.098
306 51.098
307 51.098
308 51.098
309 51.098
310 51.098
311 51.098
312 51.098
313 51.098
314 51.098
315 51.098
316 51.098
317 51.098
318 51.098
319 51.098
320 51.098
321 51.098
322 51.098
323 51.098
324 51.098
325 51.098
326 51.098
327 51.098
328 51.098
329 51.098
330 51.098
331 51.098
332 51.098
333 51.098
334 51.098
335 51.098
336 51.098
337 51.098
338 51.098
339 51.098
340 51.098
341 51.098
342 51.098
343 51.098
344 51.098
345 51.098
346 51.098
347 51.098
348 51.098
349 51.098
350 51.098
351 51.098
352 51.098
353 51.098
354 51.098
355 51.098
356 51.098
357 51.098
358 51.098
359 51.098
360 51.098
361 51.098
362 51.098
363 51.098
364 51.098
365 51.098
366 51.098
367 51.098
368 51.098
369 51.098
370 51.098
371 51.098
372 51.098
373 51.098
374 51.098
375 51.098
376 51.098
377 51.098
378 51.098
379 51.098
380 51.098
381 51.098
382 51.098
383 51.098
384 51.098
385 51.098
386 51.098
387 51.098
388 51.098
389 51.098
390 51.098
391 51.098
392 51.098
393 51.098
394 51.098
395 51.098
396 51.098
397 51.098
398 51.098
399 51.098
400 51.098
401 51.098
402 51.098
403 51.098
404 51.098
405 51.098
406 51.098
407 51.098
408 51.098
409 51.098
410 51.098
411 51.098
412 51.098
413 51.098
414 51.098
415 51.098
416 51.098
417 51.098
418 51.098
419 51.098
420 51.098
421 51.098
422 51.098
423 51.098
424 51.098
425 51.098
426 51.098
427 51.098
428 51.098
429 51.098
430 51.098
431 51.098
432 51.098
433 51.098
434 51.098
435 51.098
436 51.098
437 51.098
438 51.098
439 51.098
440 51.098
441 51.098
442 51.098
443 51.098
444 51.098
445 51.098
446 51.098
447 51.098
448 51.098
449 51.098
450 51.098
451 51.098
452 51.098
453 51.098
454 51.098
455 51.098
456 51.098
457 51.098
458 51.098
459 51.098
460 51.098
461 51.098
462 51.098
463 51.098
464 51.098
465 51.098
466 51.098
467 51.098
468 51.098
469 51.098
470 51.098
471 51.098
472 51.098
473 51.098
474 51.098
475 51.098
476 51.098
477 51.098
478 51.098
479 51.098
480 51.098
481 51.098
482 51.098
483 51.098
484 51.098
485 51.098
486 51.098
487 51.098
488 51.098
489 51.098
490 51.098
491 51.098
492 51.098
493 51.098
494 51.098
495 51.098
496 51.098
497 51.098
498 51.098
499 51.098
500 51.098
501 51.098
502 51.098
503 51.098
504 51.098
505 51.098
506 51.098
507 51.098
508 51.098
509 51.098
510 51.098
511 51.098
512 51.098
513 51.098
514 51.098
515 51.098
516 51.098
517 51.098
518 51.098
519 51.098
520 51.098
521 51.098
522 51.098
523 51.098
524 51.098
525 51.098
526 51.098
527 51.098
528 51.098
529 51.098
530 51.098
531 51.098
532 51.098
533 51.098
534 51.098
535 51.098
536 51.098
537 51.098
538 51.098
539 51.098
540 51.098
541 51.098
542 51.098
543 51.098
544 51.098
545 51.098
546 51.098
547 51.098
548 51.098
549 51.098
550 51.098
551 51.098
552 51.098
553 51.098
554 51.098
555 51.098
556 51.098
557 51.098
558 51.098
559 51.098
560 51.098
561 51.098
562 51.098
563 51.098
564 51.098
565 51.098
566 51.098
567 51.098
568 51.098
569 51.098
570 51.098
571 51.098
572 51.098
573 51.098
574 51.098
575 51.098
576 51.098
577 51.098
578 51.098
579 51.098
580 51.098
581 51.098
582 51.098
583 51.098
584 51.098
585 51.098
586 51.098
587 51.098
588 51.098
589 51.098
590 51.098
591 51.098
592 51.098
593 51.098
594 51.098
595 51.098
596 51.098
597 51.098
598 51.098
599 51.098
600 51.098
601 51.098
602 51.098
603 51.098
604 51.098
605 51.098
606 51.098
607 51.098
608 51.098
609 51.098
610 51.098
611 51.098
612 51.098
613 51.098
614 51.098
615 51.098
616 51.098
617 51.098
618 51.098
619 51.098
620 51.098
621 51.098
622 51.098
623 51.098
624 51.098
625 51.098
626 51.098
627 51.098
628 51.098
629 51.098
630 51.098
631 51.098
632 51.098
633 51.098
634 51.098
635 51.098
636 51.098
637 51.098
638 51.098
639 51.098
640 51.098
641 51.098
642 51.098
643 51.098
644 51.098
645 51.098
646 51.098
647 51.098
648 51.098
649 51.098
650 51.098
651 51.098
652 51.098
653 51.098
654 51.098
655 51.098
656 51.098
657 51.098
658 51.098
659 51.098
660 51.098
661 51.098
662 51.098
663 51.098
664 51.098
665 51.098
666 51.098
667 51.098
668 51.098
669 51.098
670 51.098
671 51.098
672 51.098
673 51.098
674 51.098
675 51.098
676 51.098
677 51.098
678 51.098
679 51.098
680 51.098
681 51.098
682 51.098
683 51.098
684 51.098
685 51.098
686 51.098
687 51.098
688 51.098
689 51.098
690 51.098
691 51.098
692 51.098
693 51.098
694 51.098
695 51.098
696 51.098
697 51.098
698 51.098
699 51.098
700 51.098
701 51.098
702 51.098
703 51.098
704 51.098
705 51.098
706 51.098
707 51.098
708 51.098
709 51.098
710 51.098
711 51.098
712 51.098
713 51.098
714 51.098
715 51.098
716 51.098
717 51.098
718 51.098
719 51.098
720 51.098
721 51.098
722 51.098
723 51.098
724 51.098
725 51.098
726 51.098
727 51.098
728 51.098
729 51.098
730 51.098
731 51.098
732 51.098
733 51.098
734 51.098
735 51.098
736 51.098
737 51.098
738 51.098
739 51.098
740 51.098
741 51.098
742 51.098
743 51.098
744 51.098
745 51.098
746 51.098
747 51.098
748 51.098
749 51.098
750 51.098
751 51.098
752 51.098
753 51.098
754 51.098
755 51.098
756 51.098
757 51.098
758 51.098
759 51.098
760 51.098
761 51.098
762 51.098
763 51.098
764 51.098
765 51.098
766 51.098
767 51.098
768 51.098
769 51.098
770 51.098
771 51.098
772 51.098
773 51.098
774 51.098
775 51.098
776 51.098
777 51.098
778 51.098
779 51.098
780 51.098
781 51.098
782 51.098
783 51.098
784 51.098
785 51.098
786 51.098
787 51.098
788 51.098
789 51.098
790 51.098
791 51.098
792 51.098
793 51.098
794 51.098
795 51.098
796 51.098
797 51.098
798 51.098
799 51.098
800 51.098
801 51.098
802 51.098
803 51.098
804 51.098
805 51.098
806 51.098
807 51.098
808 51.098
809 51.098
810 51.098
811 51.098
812 51.098
813 51.098
814 51.098
815 51.098
816 51.098
817 51.098
818 51.098
819 51.098
820 51.098
821 51.098
822 51.098
823 51.098
824 51.098
825 51.098
826 51.098
827 51.098
828 51.098
829 51.098
830 51.098
831 51.098
832 51.098
833 51.098
834 51.098
835 51.098
836 51.098
837 51.098
838 51.098
839 51.098
840 51.098
841 51.098
842 51.098
843 51.098
844 51.098
845 51.098
846 51.098
847 51.098
848 51.098
849 51.098
850 51.098
851 51.098
852 51.098
853 51.098
854 51.098
855 51.098
856 51.098
857 51.098
858 51.098
859 51.098
860 51.098
861 51.098
862 51.098
863 51.098
864 51.098
865 51.098
866 51.098
867 51.098
868 51.098
869 51.098
870 51.098
871 51.098
872 51.098
873 51.098
874 51.098
875 51.098
876 51.098
877 51.098
878 51.098
879 51.098
880 51.098
881 51.098
882 51.098
883 51.098
884 51.098
885 51.098
886 51.098
887 51.098
888 51.098
889 51.098
890 51.098
891 51.098
892 51.098
893 51.098
894 51.098
895 51.098
896 51.098
897 51.098
898 51.098
899 51.098
900 51.098
901 51.098
902 51.098
903 51.098
904 51.098
905 51.098
906 51.098
907 51.098
908 51.098
909 51.098
910 51.098
911 51.098
912 51.098
913 51.098
914 51.098
915 51.098
916 51.098
917 51.098
918 51.098
919 51.098
920 51.098
921 51.098
922 51.098
923 51.098
924 51.098
925 51.098
926 51.098
927 51.098
928 51.098
929 51.098
930 51.098
931 51.098
932 51.098
933 51.098
934 51.098
935 51.098
936 51.098
937 51.098
938 51.098
939 51.098
940 51.098
941 51.098
942 51.098
943 51.098
944 51.098
945 51.098
946 51.098
947 51.098
948 51.098
949 51.098
950 51.098
951 51.098
952 51.098
953 51.098
954 51.098
955 51.098
956 51.098
957 51.098
958 51.098
959 51.098
960 51.098
961 51.098
962 51.098
963 51.098
964 51.098
965 51.098
966 51.098
967 51.098
968 51.098
969 51.098
970 51.098
971 51.098
972 51.098
973 51.098
974 51.098
975 51.098
976 51.098
977 51.098
978 51.098
979 51.098
980 51.098
981 51.098
982 51.098
983 51.098
984 51.098
985 51.098
986 51.098
987 51.098
988 51.098
989 51.098
990 51.098
991 51.098
992 51.098
993 51.098
994 51.098
995 51.098
996 51.098
997 51.098
998 51.098
999 51.098
1000 51.098
# Run : 51
# Iteration : 1000
# Dimension : 100
# Best Objective : 63
# Average Objective : 51
# Execution Time : 0.024772(s)
