1 50.5882
2 51.0588
3 51.451
4 51.9216
5 52.3922
6 52.8235
7 53.3725
8 53.8235
9 54.1961
10 54.7451
11 55.2745
12 55.7255
13 56.2157
14 56.7451
15 57.098
16 57.4118
17 57.8039
18 58.3529
19 58.7451
20 59.2549
21 59.6471
22 60.098
23 60.4902
24 60.8039
25 61.1569
26 61.5294
27 61.9608
28 62.3333
29 62.7647
30 62.9608
31 63.3333
32 63.7451
33 64.0588
34 64.4314
35 64.7059
36 65.0196
37 65.2941
38 65.7451
39 65.9412
40 66.1765
41 66.451
42 66.8431
43 67.2745
44 67.6275
45 67.9412
46 68.2353
47 68.5686
48 68.8824
49 69.3137
50 69.6667
51 70.1569
52 70.4118
53 70.7647
54 71.0392
55 71.2745
56 71.6078
57 71.902
58 72.1373
59 72.3922
60 72.6667
61 72.8627
62 73.1765
63 73.5294
64 73.7059
65 73.9412
66 74.2157
67 74.4706
68 74.7059
69 74.9804
70 75.098
71 75.3725
72 75.6667
73 75.9412
74 76.2157
75 76.5294
76 76.7451
77 77.0392
78 77.3333
79 77.5686
80 77.7843
81 78.0392
82 78.3725
83 78.4902
84 78.6863
85 79.0196
86 79.3333
87 79.4706
88 79.6863
89 79.7843
90 80.0196
91 80.1373
92 80.3333
93 80.4706
94 80.6667
95 80.8235
96 81.0392
97 81.1373
98 81.1961
99 81.3333
100 81.5098
101 81.8039
102 82
103 82.1176
104 82.2745
105 82.3922
106 82.549
107 82.7451
108 82.9608
109 83.1961
110 83.3725
111 83.5098
112 83.7059
113 83.8824
114 84.1765
115 84.3333
116 84.5098
117 84.6863
118 84.8431
119 84.9412
120 85.0588
121 85.1765
122 85.4314
123 85.549
124 85.6275
125 85.7255
126 85.8627
127 86.1569
128 86.3922
129 86.5686
130 86.7255
131 86.8824
132 87.0392
133 87.1373
134 87.1961
135 87.2745
136 87.451
137 87.5882
138 87.7059
139 87.8824
140 88.0588
141 88.2353
142 88.3137
143 88.4706
144 88.5098
145 88.6275
146 88.7059
147 88.7451
148 88.8235
149 88.9804
150 89.0588
151 89.1961
152 89.2549
153 89.3922
154 89.5686
155 89.6471
156 89.7451
157 89.8627
158 89.9216
159 90.0392
160 90.1176
161 90.2157
162 90.2353
163 90.3137
164 90.3725
165 90.3922
166 90.4706
167 90.5686
168 90.6275
169 90.7647
170 90.8824
171 90.9608
172 91.098
173 91.1765
174 91.2745
175 91.3529
176 91.4314
177 91.549
178 91.6471
179 91.7255
180 91.7843
181 91.8431
182 91.9216
183 92
184 92.0784
185 92.1373
186 92.2157
187 92.3137
188 92.3333
189 92.4314
190 92.4706
191 92.5098
192 92.5686
193 92.6667
194 92.7451
195 92.8431
196 92.8627
197 92.9412
198 93
199 93.0784
200 93.1373
201 93.2157
202 93.3137
203 93.3725
204 93.3922
205 93.4314
206 93.4902
207 93.5294
208 93.5686
209 93.6078
210 93.6863
211 93.7255
212 93.8235
213 93.8627
214 93.902
215 94.0196
216 94.1176
217 94.2353
218 94.3333
219 94.4314
220 94.4706
221 94.5686
222 94.6667
223 94.7059
224 94.7843
225 94.8431
226 94.9216
227 94.9412
228 95.0392
229 95.098
230 95.1569
231 95.1961
232 95.2549
233 95.3529
234 95.4902
235 95.4902
236 95.5098
237 95.5686
238 95.5882
239 95.6078
240 95.6471
241 95.6863
242 95.7255
243 95.7451
244 95.7451
245 95.7647
246 95.8431
247 95.8824
248 95.9216
249 95.9216
250 95.9216
251 95.9804
252 96.0196
253 96.0392
254 96.1373
255 96.1961
256 96.1961
257 96.2745
258 96.2745
259 96.3137
260 96.3333
261 96.3922
262 96.4314
263 96.4706
264 96.4902
265 96.5294
266 96.549
267 96.6275
268 96.6471
269 96.7255
270 96.7255
271 96.7255
272 96.7647
273 96.8039
274 96.8824
275 96.8824
276 96.8824
277 96.902
278 96.9608
279 96.9804
280 97.0196
281 97.0196
282 97.0392
283 97.0588
284 97.0784
285 97.1373
286 97.1373
287 97.1373
288 97.1569
289 97.1765
290 97.2353
291 97.2941
292 97.2941
293 97.2941
294 97.2941
295 97.3333
296 97.3529
297 97.3922
298 97.3922
299 97.4118
300 97.4118
301 97.4314
302 97.451
303 97.4902
304 97.5098
305 97.549
306 97.5686
307 97.5882
308 97.5882
309 97.6078
310 97.6078
311 97.6078
312 97.6078
313 97.6078
314 97.6275
315 97.6863
316 97.7255
317 97.7255
318 97.7647
319 97.7843
320 97.8235
321 97.8431
322 97.902
323 97.902
324 97.9412
325 97.9608
326 97.9804
327 98.0392
328 98.0392
329 98.0392
330 98.0784
331 98.098
332 98.1176
333 98.1176
334 98.1176
335 98.1176
336 98.1373
337 98.1765
338 98.1765
339 98.1765
340 98.2353
341 98.2745
342 98.2745
343 98.3137
344 98.3137
345 98.3333
346 98.3529
347 98.3922
348 98.3922
349 98.3922
350 98.4118
351 98.4314
352 98.4706
353 98.4902
354 98.4902
355 98.4902
356 98.5098
357 98.5098
358 98.5098
359 98.5098
360 98.5098
361 98.5098
362 98.5294
363 98.549
364 98.549
365 98.5686
366 98.5686
367 98.5882
368 98.6275
369 98.6275
370 98.6471
371 98.6471
372 98.6471
373 98.6471
374 98.6471
375 98.6667
376 98.6667
377 98.6863
378 98.6863
379 98.7059
380 98.7059
381 98.7059
382 98.7255
383 98.7255
384 98.7255
385 98.7255
386 98.7255
387 98.7255
388 98.7451
389 98.7647
390 98.8235
391 98.8431
392 98.8627
393 98.8824
394 98.902
395 98.9412
396 98.9412
397 98.9608
398 98.9608
399 98.9608
400 98.9804
401 98.9804
402 98.9804
403 99
404 99.0196
405 99.0196
406 99.0392
407 99.0392
408 99.0588
409 99.0588
410 99.098
411 99.098
412 99.098
413 99.098
414 99.098
415 99.1176
416 99.1176
417 99.1373
418 99.1569
419 99.1569
420 99.1569
421 99.1765
422 99.1765
423 99.1765
424 99.1765
425 99.1765
426 99.1961
427 99.1961
428 99.1961
429 99.2157
430 99.2353
431 99.2353
432 99.2353
433 99.2353
434 99.2353
435 99.2353
436 99.2353
437 99.2353
438 99.2353
439 99.2549
440 99.2549
441 99.2745
442 99.2941
443 99.2941
444 99.2941
445 99.2941
446 99.3137
447 99.3137
448 99.3137
449 99.3137
450 99.3333
451 99.3333
452 99.3333
453 99.3529
454 99.3529
455 99.3725
456 99.3725
457 99.3725
458 99.3922
459 99.3922
460 99.3922
461 99.3922
462 99.3922
463 99.3922
464 99.4314
465 99.4314
466 99.4314
467 99.451
468 99.451
469 99.451
470 99.451
471 99.451
472 99.451
473 99.4706
474 99.4706
475 99.4706
476 99.4706
477 99.4706
478 99.4706
479 99.4706
480 99.4706
481 99.4706
482 99.4902
483 99.4902
484 99.4902
485 99.5098
486 99.5098
487 99.5098
488 99.5098
489 99.5098
490 99.5294
491 99.5294
492 99.5294
493 99.5294
494 99.5294
495 99.5294
496 99.5294
497 99.549
498 99.5686
499 99.5686
500 99.5686
501 99.5686
502 99.5686
503 99.5882
504 99.5882
505 99.5882
506 99.5882
507 99.5882
508 99.5882
509 99.5882
510 99.5882
511 99.5882
512 99.6078
513 99.6078
514 99.6078
515 99.6078
516 99.6078
517 99.6078
518 99.6078
519 99.6078
520 99.6078
521 99.6078
522 99.6078
523 99.6078
524 99.6078
525 99.6078
526 99.6078
527 99.6078
528 99.6078
529 99.6078
530 99.6078
531 99.6078
532 99.6078
533 99.6078
534 99.6078
535 99.6078
536 99.6078
537 99.6078
538 99.6078
539 99.6275
540 99.6275
541 99.6275
542 99.6471
543 99.6471
544 99.6471
545 99.6471
546 99.6863
547 99.6863
548 99.6863
549 99.7059
550 99.7255
551 99.7451
552 99.7451
553 99.7451
554 99.7451
555 99.7451
556 99.7451
557 99.7451
558 99.7647
559 99.7647
560 99.7647
561 99.7647
562 99.7647
563 99.7647
564 99.7647
565 99.7647
566 99.7647
567 99.7647
568 99.7647
569 99.7647
570 99.7647
571 99.7647
572 99.7647
573 99.7647
574 99.7647
575 99.7647
576 99.7843
577 99.7843
578 99.7843
579 99.7843
580 99.7843
581 99.7843
582 99.7843
583 99.8039
584 99.8039
585 99.8039
586 99.8039
587 99.8039
588 99.8039
589 99.8039
590 99.8235
591 99.8235
592 99.8235
593 99.8235
594 99.8235
595 99.8235
596 99.8235
597 99.8235
598 99.8235
599 99.8431
600 99.8431
601 99.8627
602 99.8627
603 99.8627
604 99.8627
605 99.8627
606 99.8627
607 99.8627
608 99.8627
609 99.8627
610 99.8627
611 99.8627
612 99.8627
613 99.8627
614 99.8627
615 99.8627
616 99.8627
617 99.8627
618 99.8627
619 99.8627
620 99.8627
621 99.8627
622 99.8627
623 99.8627
624 99.8627
625 99.8627
626 99.8824
627 99.8824
628 99.8824
629 99.8824
630 99.8824
631 99.8824
632 99.902
633 99.902
634 99.902
635 99.9216
636 99.9412
637 99.9412
638 99.9412
639 99.9412
640 99.9412
641 99.9412
642 99.9412
643 99.9412
644 99.9412
645 99.9412
646 99.9412
647 99.9412
648 99.9412
649 99.9412
650 99.9412
651 99.9412
652 99.9412
653 99.9412
654 99.9608
655 99.9608
656 99.9608
657 99.9608
658 99.9608
659 99.9608
660 99.9608
661 99.9608
662 99.9608
663 99.9608
664 99.9608
665 99.9608
666 99.9608
667 99.9608
668 99.9608
669 99.9608
670 99.9608
671 99.9608
672 99.9608
673 99.9608
674 99.9608
675 99.9608
676 99.9608
677 99.9608
678 99.9608
679 99.9608
680 99.9608
681 99.9608
682 99.9608
683 99.9608
684 99.9608
685 99.9608
686 99.9608
687 99.9608
688 99.9608
689 99.9608
690 99.9608
691 99.9608
692 99.9608
693 99.9608
694 99.9608
695 99.9608
696 99.9608
697 99.9608
698 99.9608
699 99.9608
700 99.9608
701 99.9608
702 99.9804
703 99.9804
704 99.9804
705 99.9804
706 99.9804
707 99.9804
708 99.9804
709 99.9804
710 99.9804
711 99.9804
712 99.9804
713 99.9804
714 99.9804
715 99.9804
716 99.9804
717 99.9804
718 99.9804
719 99.9804
720 99.9804
721 99.9804
722 99.9804
723 99.9804
724 99.9804
725 99.9804
726 99.9804
727 99.9804
728 99.9804
729 99.9804
730 99.9804
731 99.9804
732 99.9804
733 99.9804
734 99.9804
735 99.9804
736 99.9804
737 99.9804
738 99.9804
739 99.9804
740 99.9804
741 99.9804
742 99.9804
743 99.9804
744 99.9804
745 99.9804
746 99.9804
747 99.9804
748 99.9804
749 99.9804
750 99.9804
751 99.9804
752 99.9804
753 99.9804
754 99.9804
755 99.9804
756 99.9804
757 99.9804
758 99.9804
759 99.9804
760 99.9804
761 99.9804
762 99.9804
763 99.9804
764 99.9804
765 99.9804
766 99.9804
767 99.9804
768 99.9804
769 99.9804
770 99.9804
771 99.9804
772 99.9804
773 99.9804
774 99.9804
775 99.9804
776 99.9804
777 99.9804
778 99.9804
779 99.9804
780 99.9804
781 99.9804
782 99.9804
783 99.9804
784 99.9804
785 99.9804
786 99.9804
787 99.9804
788 99.9804
789 99.9804
790 99.9804
791 99.9804
792 99.9804
793 99.9804
794 99.9804
795 99.9804
796 99.9804
797 99.9804
798 99.9804
799 99.9804
800 99.9804
801 99.9804
802 99.9804
803 99.9804
804 99.9804
805 99.9804
806 99.9804
807 99.9804
808 99.9804
809 99.9804
810 99.9804
811 99.9804
812 99.9804
813 99.9804
814 99.9804
815 99.9804
816 99.9804
817 99.9804
818 99.9804
819 99.9804
820 99.9804
821 99.9804
822 99.9804
823 99.9804
824 99.9804
825 99.9804
826 99.9804
827 99.9804
828 99.9804
829 99.9804
830 99.9804
831 99.9804
832 99.9804
833 99.9804
834 99.9804
835 99.9804
836 99.9804
837 99.9804
838 99.9804
839 99.9804
840 99.9804
841 99.9804
842 99.9804
843 99.9804
844 99.9804
845 99.9804
846 99.9804
847 99.9804
848 99.9804
849 99.9804
850 99.9804
851 99.9804
852 99.9804
853 99.9804
854 99.9804
855 99.9804
856 99.9804
857 99.9804
858 99.9804
859 99.9804
860 99.9804
861 99.9804
862 99.9804
863 99.9804
864 99.9804
865 99.9804
866 99.9804
867 99.9804
868 99.9804
869 99.9804
870 99.9804
871 99.9804
872 99.9804
873 99.9804
874 99.9804
875 99.9804
876 99.9804
877 99.9804
878 99.9804
879 99.9804
880 99.9804
881 99.9804
882 99.9804
883 99.9804
884 99.9804
885 99.9804
886 99.9804
887 99.9804
888 99.9804
889 99.9804
890 99.9804
891 99.9804
892 99.9804
893 99.9804
894 99.9804
895 99.9804
896 99.9804
897 99.9804
898 99.9804
899 99.9804
900 99.9804
901 99.9804
902 99.9804
903 99.9804
904 99.9804
905 99.9804
906 99.9804
907 100
908 100
909 100
910 100
911 100
912 100
913 100
914 100
915 100
916 100
917 100
918 100
919 100
920 100
921 100
922 100
923 100
924 100
925 100
926 100
927 100
928 100
929 100
930 100
931 100
932 100
933 100
934 100
935 100
936 100
937 100
938 100
939 100
940 100
941 100
942 100
943 100
944 100
945 100
946 100
947 100
948 100
949 100
950 100
951 100
952 100
953 100
954 100
955 100
956 100
957 100
958 100
959 100
960 100
961 100
962 100
963 100
964 100
965 100
966 100
967 100
968 100
969 100
970 100
971 100
972 100
973 100
974 100
975 100
976 100
977 100
978 100
979 100
980 100
981 100
982 100
983 100
984 100
985 100
986 100
987 100
988 100
989 100
990 100
991 100
992 100
993 100
994 100
995 100
996 100
997 100
998 100
999 100
1000 100
# Run : 51
# Iteration : 1000
# Dimension : 100
# Best Objective : 100
# Average Objective : 100
# Execution Time : 0.025106(s)
